0 0.2976466049382716 0.1440329218106996 0.06674382716049382 0.08436213991769548
0 0.1583719135802469 0.17824074074074076 0.05439814814814815 0.06430041152263374
0 0.0630787037037037 0.6175411522633746 0.062114197530864196 0.09207818930041153
0 0.2554012345679012 0.2852366255144033 0.039351851851851846 0.09104938271604938
0 0.3607253086419753 0.34670781893004116 0.040123456790123455 0.05246913580246914
0 0.4751157407407407 0.1630658436213992 0.04128086419753086 0.0565843621399177
0 0.7413194444444444 0.09465020576131689 0.02816358024691358 0.05041152263374486
0 0.7833719135802468 0.03446502057613169 0.03510802469135802 0.051440329218107
0 0.9712577160493827 0.02983539094650206 0.04899691358024691 0.05864197530864198
0 0.5 0.488425925925926 0.033950617283950615 0.04166666666666667
0 0.4924768518518518 0.3513374485596708 0.0474537037037037 0.0720164609053498
0 0.570216049382716 0.599022633744856 0.041666666666666664 0.06327160493827161
