0 0.15354938271604937 0.18750000000000003 0.04938271604938271 0.07664609053497944
0 0.25829475308641975 0.290380658436214 0.04822530864197531 0.06224279835390947
0 0.4760802469135802 0.1630658436213992 0.03780864197530864 0.05452674897119342
0 0.296875 0.14248971193415638 0.0636574074074074 0.08333333333333334
0 0.7455632716049382 0.09465020576131689 0.025848765432098762 0.04835390946502058
0 0.7845293209876543 0.03497942386831276 0.03279320987654321 0.04423868312757202
0 0.49286265432098764 0.3497942386831276 0.05285493827160494 0.06893004115226338
0 0.36342592592592593 0.3482510288065844 0.03626543209876543 0.05555555555555556
0 0.49884259259259256 0.485082304526749 0.03780864197530864 0.04835390946502058
0 0.56616512345679 0.59130658436214 0.04976851851851852 0.06738683127572018
0 0.06577932098765432 0.6180555555555556 0.05516975308641975 0.08693415637860083
0 0.96875 0.03240740740740741 0.051697530864197525 0.06378600823045268
