0 0.4739583333333333 0.16049382716049385 0.03665123456790123 0.05349794238683128
0 0.7447916666666666 0.09516460905349795 0.03047839506172839 0.04526748971193416
0 0.7845293209876543 0.03395061728395062 0.03433641975308642 0.0462962962962963
0 0.3657407407407407 0.3482510288065844 0.034722222222222224 0.04423868312757202
0 0.4984567901234568 0.4886831275720165 0.032407407407407406 0.04526748971193416
0 0.5636574074074073 0.5954218106995885 0.047839506172839504 0.07767489711934157
0 0.06577932098765432 0.6121399176954733 0.0628858024691358 0.09053497942386832
0 0.15393518518518517 0.18801440329218108 0.045524691358024685 0.06944444444444445
0 0.2542438271604938 0.28935185185185186 0.038580246913580245 0.08487654320987655
0 0.96875 0.031121399176954737 0.039351851851851846 0.05812757201646091
